[metadata]
dataset-name = "kin8nm"
p-error = 0.1

[hyperparams.KF]
dynamics_covariance = 0.0
log_lr = -2.8688309447373888
observation_covariance = 1.0

[hyperparams.KF-B]
alpha = 4.972569631733866
beta = 0.1895877124156592
dynamics_covariance = 0.0
log_lr = -0.06881893981301523
n_inner = 6.528322701674925
observation_covariance = 1.0

[hyperparams.KF-IW]
dynamics_covariance = 0.0
log_lr = -0.7693779270548485
n_inner = 10.0
noise_scaling = 2.770086589180527
observation_covariance = 1.0

[hyperparams.OGD]
log_lr = -4.437147427967857
n_inner = 1.5306405048776868

[hyperparams.WoLF-IMQ]
dynamics_covariance = 0.0
log_lr = -0.023740308212579997
observation_covariance = 1.0
soft_threshold = 5.1284754180296

[hyperparams.WoLF-MD]
dynamics_covariance = 0.0
log_lr = 0.0
observation_covariance = 1.0
threshold = 8.057993932403077
