[metadata]
dataset-name = "kin8nm"
p-error = 0.1

[hyperparams.KF]
log_lr = -2.8688309447373888

[hyperparams.KF-B]
alpha = 5.0
beta = 3.9923215733240465
log_lr = 0.0
n_inner = 10.0

[hyperparams.KF-IW]
log_lr = -2.105697685334526
n_inner = 6.736980970740909
noise_scaling = 0.21254965960769256

[hyperparams.OGD]
log_lr = -4.437147427967857
n_inner = 1.5306405048776868

[hyperparams.WoLF-IMQ]
log_lr = 0.0
soft_threshold = 5.692578794015267

[hyperparams.WoLF-MD]
log_lr = 0.0
threshold = 8.057980211157066
