[metadata]
p-error = 0.1
dataset-name = "kin8nm"

[hyperparams.KF]
log_lr = -3.8615376166119715

[hyperparams.KF-B]
alpha = 4.383948293246978
beta = 0.34677108603973195
log_lr = 0.0
n_inner = 9.396475389109668

[hyperparams.KF-IW]
log_lr = -0.4156320925351622
n_inner = 6.296877222777299
noise_scaling = 5.300955758401489

[hyperparams.WLF-IMQ]
log_lr = -0.44118300304219904
soft_threshold = 5.215131850234467

[hyperparams.WLF-MD]
log_lr = 0.0
threshold = 20.0

[hyperparams.OGD]
log_lr = -4.044381312033318
n_inner = 1.5741869551035146
