[metadata]
p-error = 0.1
dataset-name = "kin8nm"

[hyperparams.KF]
log_lr = -2.8688309447373888

[hyperparams.KF-B]
alpha = 4.972569631733866
beta = 0.1895877124156592
log_lr = -0.06881893981301523
n_inner = 6.528322701674925

[hyperparams.KF-IW]
log_lr = -0.7693779270548485
n_inner = 10.0
noise_scaling = 2.770086589180527

[hyperparams.WLF-IMQ]
log_lr = -0.023740308212579997
soft_threshold = 5.1284754180296

[hyperparams.WLF-MD]
log_lr = 0.0
threshold = 8.057993932403077

[hyperparams.OGD]
log_lr = -4.437147427967857
n_inner = 1.5306405048776868
